defect cooperate tit_for_tat coin_flip biased_random susp_tit_for_tat grudger waffler 
 25   15   20   10   10   20   10   20  
 26   13   22    9   11   19   11   19  
 26   12   24    8   12   18   12   18  
 25   11   27    7   13   17   13   17  
 24   10   30    6   14   16   14   16  
 22   10   32    6   15   15   15   15  
 20    9   35    6   16   14   16   14  
 17    9   38    6   17   13   17   13  
 14    9   42    5   18   11   19   12  
 11    9   46    4   19   10   20   11  
  8    9   50    3   20    9   21   10  
  6    9   53    2   21    8   22    9  
  4    9   56    1   22    7   23    8  
  2   10   58    1   23    5   24    7  
  0   10   60    1   23    4   25    6  
  0   10   62    0   23    3   26    5  
  0   10   63    0   24    2   27    4  
  0   10   63    0   25    1   27    4  
  0   10   63    0   25    1   27    4  
  0   10   63    0   25    1   27    4  
  0   10   63    0   25    1   27    4  
  0   10   63    0   25    1   27    4  
  0   10   63    0   25    1   27    4  
  0   10   63    0   25    1   27    4  
  0   10   63    0   25    1   27    4  
  0   10   63    0   25    1   27    4  
  0   10   63    0   25    1   27    4  
  0   10   63    0   25    1   27    4  
  0   10   63    0   25    1   27    4  
  0   10   63    0   25    1   27    4  
  0   10   63    0   25    1   27    4  
  0   10   63    0   25    1   27    4  
  0   10   63    0   25    1   27    4  
  0   10   63    0   25    1   27    4  
  0   10   63    0   25    1   27    4  
  0   10   63    0   25    1   27    4  
  0   10   63    0   25    1   27    4  
  0   10   63    0   25    1   27    4  
  0   10   63    0   25    1   27    4  
  0   10   63    0   25    1   27    4  
